Left Peg
50
0.002 0.070 1.395 27.893 0.000 0.050 0.002 1.245
0.009 0.139 1.395 -0.000 0.000 0.050 0.009 1.245
0.024 0.314 3.487 41.839 0.000 0.050 0.024 1.245
0.052 0.558 4.881 27.893 0.000 0.050 0.052 1.245
0.096 0.872 6.276 27.893 0.000 0.050 0.096 1.245
0.157 1.220 6.973 13.946 0.000 0.050 0.157 1.245
0.235 1.569 6.973 -0.000 0.000 0.050 0.235 1.245
0.331 1.918 6.973 0.000 0.000 0.050 0.331 1.245
0.445 2.266 6.973 0.000 0.000 0.050 0.445 1.245
0.575 2.615 6.973 -0.000 0.000 0.050 0.575 1.245
0.723 2.964 6.973 -0.000 0.000 0.050 0.723 1.245
0.889 3.312 6.973 0.000 0.000 0.050 0.889 1.245
1.072 3.661 6.973 0.000 0.000 0.050 1.072 1.245
1.273 4.010 6.973 0.000 0.000 0.050 1.273 1.245
1.491 4.358 6.973 0.000 0.000 0.050 1.491 1.245
1.726 4.707 6.973 -0.000 0.000 0.050 1.726 1.245
1.979 5.056 6.973 0.000 0.000 0.050 1.979 1.245
2.249 5.404 6.973 -0.000 0.000 0.050 2.249 1.245
2.537 5.753 6.973 0.000 0.000 0.050 2.537 1.245
2.842 6.102 6.973 -0.000 0.000 0.050 2.842 1.245
3.162 6.415 6.276 -13.946 0.000 0.050 3.162 1.245
3.495 6.659 4.881 -27.893 0.000 0.050 3.495 1.245
3.837 6.834 3.487 -27.893 0.000 0.050 3.837 1.245
4.184 6.938 2.092 -27.893 0.000 0.050 4.184 1.245
4.532 6.961 0.452 -32.803 6.283 0.050 4.532 1.245
4.891 7.189 4.557 82.102 6.271 0.050 4.891 1.243
5.271 7.588 7.980 68.453 6.238 0.050 5.271 1.233
5.669 7.964 7.528 -9.032 6.182 0.050 5.668 1.205
6.084 8.295 6.613 -18.297 6.101 0.050 6.079 1.147
6.510 8.530 4.707 -38.115 5.997 0.050 6.494 1.048
6.940 8.603 1.456 -65.035 5.877 0.050 6.898 0.903
7.362 8.423 -3.606 -101.225 5.750 0.050 7.274 0.712
7.759 7.941 -9.635 -120.594 5.628 0.050 7.603 0.490
8.120 7.225 -14.323 -93.759 5.521 0.050 7.877 0.255
8.440 6.403 -16.440 -42.335 5.433 0.050 8.098 0.024
8.719 5.582 -16.414 0.522 5.364 0.050 8.275 -0.192
8.960 4.818 -15.286 22.567 5.312 0.050 8.416 -0.388
9.166 4.126 -13.839 28.934 5.273 0.050 8.529 -0.560
9.341 3.503 -12.452 27.749 5.246 0.050 8.620 -0.710
9.488 2.941 -11.244 24.159 5.227 0.050 8.694 -0.837
9.610 2.430 -10.223 20.417 5.215 0.050 8.753 -0.943
9.708 1.962 -9.364 17.182 5.207 0.050 8.800 -1.030
9.784 1.530 -8.642 14.427 5.203 0.050 8.836 -1.097
9.841 1.127 -8.047 11.901 5.201 0.050 8.862 -1.147
9.879 0.763 -7.289 15.159 5.200 0.050 8.880 -1.180
9.902 0.464 -5.977 26.238 5.200 0.050 8.891 -1.201
9.914 0.244 -4.405 31.449 5.200 0.050 8.897 -1.212
9.919 0.097 -2.938 29.336 5.200 0.050 8.899 -1.216
9.920 0.021 -1.523 28.298 5.200 0.050 8.900 -1.217
9.920 0.000 -0.412 22.233 5.200 0.050 8.900 -1.217
0.002 0.070 1.395 27.893 0.000 0.050 0.002 -1.245
0.009 0.139 1.395 -0.000 0.000 0.050 0.009 -1.245
0.024 0.314 3.487 41.839 0.000 0.050 0.024 -1.245
0.052 0.558 4.881 27.893 0.000 0.050 0.052 -1.245
0.096 0.872 6.276 27.893 0.000 0.050 0.096 -1.245
0.157 1.220 6.973 13.946 0.000 0.050 0.157 -1.245
0.235 1.569 6.973 -0.000 0.000 0.050 0.235 -1.245
0.331 1.918 6.973 0.000 0.000 0.050 0.331 -1.245
0.445 2.266 6.973 0.000 0.000 0.050 0.445 -1.245
0.575 2.615 6.973 -0.000 0.000 0.050 0.575 -1.245
0.723 2.964 6.973 -0.000 0.000 0.050 0.723 -1.245
0.889 3.312 6.973 0.000 0.000 0.050 0.889 -1.245
1.072 3.661 6.973 0.000 0.000 0.050 1.072 -1.245
1.273 4.010 6.973 0.000 0.000 0.050 1.273 -1.245
1.491 4.358 6.973 0.000 0.000 0.050 1.491 -1.245
1.726 4.707 6.973 -0.000 0.000 0.050 1.726 -1.245
1.979 5.056 6.973 0.000 0.000 0.050 1.979 -1.245
2.249 5.404 6.973 -0.000 0.000 0.050 2.249 -1.245
2.537 5.753 6.973 0.000 0.000 0.050 2.537 -1.245
2.842 6.102 6.973 -0.000 0.000 0.050 2.842 -1.245
3.162 6.415 6.276 -13.946 0.000 0.050 3.162 -1.245
3.495 6.659 4.881 -27.893 0.000 0.050 3.495 -1.245
3.837 6.834 3.487 -27.893 0.000 0.050 3.837 -1.245
4.184 6.938 2.092 -27.893 0.000 0.050 4.184 -1.245
4.532 6.957 0.371 -34.416 6.283 0.050 4.532 -1.245
4.862 6.602 -7.097 -149.355 6.271 0.050 4.862 -1.246
5.159 5.936 -13.318 -124.421 6.238 0.050 5.159 -1.254
5.416 5.153 -15.667 -46.986 6.182 0.050 5.416 -1.272
5.630 4.275 -17.552 -37.708 6.101 0.050 5.627 -1.301
5.799 3.382 -17.869 -6.328 5.997 0.050 5.792 -1.340
5.930 2.610 -15.431 48.745 5.877 0.050 5.915 -1.384
6.034 2.093 -10.347 101.686 5.750 0.050 6.008 -1.431
6.128 1.878 -4.291 121.132 5.628 0.050 6.086 -1.484
6.223 1.899 0.412 94.043 5.521 0.050 6.158 -1.546
6.324 2.025 2.527 42.301 5.433 0.050 6.228 -1.619
6.432 2.150 2.491 -0.704 5.364 0.050 6.296 -1.702
6.543 2.217 1.354 -22.749 5.312 0.050 6.361 -1.792
6.653 2.213 -0.099 -29.063 5.273 0.050 6.421 -1.885
6.760 2.138 -1.491 -27.828 5.246 0.050 6.477 -1.976
6.860 2.003 -2.701 -24.203 5.227 0.050 6.527 -2.063
6.951 1.817 -3.723 -20.440 5.215 0.050 6.571 -2.142
7.031 1.588 -4.582 -17.193 5.207 0.050 6.609 -2.212
7.097 1.323 -5.304 -14.432 5.203 0.050 6.640 -2.270
7.148 1.028 -5.899 -11.903 5.201 0.050 6.664 -2.315
7.184 0.723 -6.085 -3.726 5.200 0.050 6.681 -2.347
7.207 0.452 -5.431 13.088 5.200 0.050 6.692 -2.367
7.219 0.241 -4.214 24.337 5.200 0.050 6.698 -2.378
7.224 0.096 -2.892 26.449 5.200 0.050 6.700 -2.382
7.225 0.021 -1.517 27.487 5.200 0.050 6.700 -2.383
7.225 0.000 -0.411 22.119 5.200 0.050 6.700 -2.383
